   A  R  N  D  C  Q  E  G  H  I  L  K  M  F  P  S  T  W  Y  V  B  Z  X  *
 -4.484523 17.008604 -4.193140 -8.501207 4.319537 8.781821 -23.499227 14.516978 18.946557 -7.664816 -2.676081 7.478244 35.082068 11.001061 23.416273 -9.479916 15.076655 -14.585343 -23.826456 11.516266 22.013456 11.180714 -5.150592 3.473497
 17.008604 -5.432483 3.855744 -7.434519 -2.266697 7.425342 0.364217 2.734710 34.979074 -8.457484 -6.363983 2.854668 16.343092 0.274905 -27.222982 -13.376555 0.635807 -10.963585 10.739294 -5.672105 6.776187 23.677368 32.007781 20.021535
 -4.193140 3.855744 9.715400 6.516317 -12.086315 -4.835571 -20.241175 11.439991 -12.884775 -15.571933 16.378907 29.418775 9.484247 3.942200 12.156638 -9.955114 10.605608 -18.274364 14.581970 -0.748128 8.411863 -7.650436 23.488156 8.195789
 -8.501207 -7.434519 6.516317 3.545556 4.100017 -1.907793 10.655027 -2.275256 -34.337159 8.666982 -24.316013 4.892636 10.641476 23.777786 27.032616 18.940690 19.578414 -9.221763 28.141655 25.175473 18.591137 -25.550445 -7.308544 -32.566229
 4.319537 -2.266697 -12.086315 4.100017 -0.192725 -17.723636 17.845154 -9.354058 0.560685 10.924774 -5.474853 -1.953988 9.293013 17.758282 -30.323578 9.513545 -5.533532 10.655997 -25.591576 10.480516 2.334650 5.707086 31.189144 -3.687265
 8.781821 7.425342 -4.835571 -1.907793 -17.723636 8.724711 -10.861497 11.663596 25.681708 34.749099 -26.028316 -9.602642 17.196953 9.585881 -4.573361 -15.355131 -25.436981 9.602024 -18.787456 -0.512475 -17.740991 5.007992 6.096911 -33.088049
 -23.499227 0.364217 -20.241175 10.655027 17.845154 -10.861497 -26.428095 18.640166 -4.034259 5.783290 16.294861 -11.561614 13.644341 8.142675 -12.752249 8.217948 -5.384052 38.430246 9.392544 15.896257 -18.043085 -0.600674 1.717478 20.795151
 14.516978 2.734710 11.439991 -2.275256 -9.354058 11.663596 18.640166 -3.321584 22.068863 -28.033335 -13.457218 -7.432828 -19.680396 16.402075 -12.119662 -17.509123 18.831293 -14.212048 7.234420 -10.813240 5.807092 -11.544237 10.630455 -16.371316
 18.946557 34.979074 -12.884775 -34.337159 0.560685 25.681708 -4.034259 22.068863 19.125920 -5.483341 12.482265 0.214943 10.253974 6.490044 -4.928378 6.507005 -18.908910 -31.372264 -7.853881 23.412372 5.781735 -7.340730 -26.135691 8.864795
 -7.664816 -8.457484 -15.571933 8.666982 10.924774 34.749099 5.783290 -28.033335 -5.483341 7.006103 0.090119 -2.066808 -6.246234 0.763728 25.894260 19.151051 5.010420 -6.671841 9.930916 8.627342 -5.825609 -10.831744 15.149268 -21.999769
 -2.676081 -6.363983 16.378907 -24.316013 -5.474853 -26.028316 16.294861 -13.457218 12.482265 0.090119 17.711221 2.394358 -12.193357 -20.586659 9.397386 2.221994 12.087994 32.896838 8.041253 -12.405955 -28.861989 -4.111600 4.627451 20.292340
 7.478244 2.854668 29.418775 4.892636 -1.953988 -9.602642 -11.561614 -7.432828 0.214943 -2.066808 2.394358 10.139738 1.102620 -7.887917 19.476078 -10.278436 -0.493626 -2.564340 15.132998 -1.125932 16.916121 26.631833 -4.620545 14.092081
 35.082068 16.343092 9.484247 10.641476 9.293013 17.196953 13.644341 -19.680396 10.253974 -6.246234 -12.193357 1.102620 -1.035676 -21.554063 32.932373 15.347508 -23.902211 -27.898739 -9.616840 19.248493 -28.444751 -21.386920 19.881219 -1.861662
 11.001061 0.274905 3.942200 23.777786 17.758282 9.585881 8.142675 16.402075 6.490044 0.763728 -20.586659 -7.887917 -21.554063 -7.182899 7.853721 16.927155 0.884676 10.079001 -3.105413 17.473227 -10.618521 6.655668 -2.747603 3.728928
 23.416273 -27.222982 12.156638 27.032616 -30.323578 -4.573361 -12.752249 -12.119662 -4.928378 25.894260 9.397386 19.476078 32.932373 7.853721 10.608568 -10.394076 -19.500900 3.394581 -4.513703 -1.245473 -7.858036 15.208508 10.083654 3.600966
 -9.479916 -13.376555 -9.955114 18.940690 9.513545 -15.355131 8.217948 -17.509123 6.507005 19.151051 2.221994 -10.278436 15.347508 16.927155 -10.394076 -9.781039 -11.425697 2.810615 -4.979068 15.180738 24.648716 -7.735195 1.754881 -5.452597
 15.076655 0.635807 10.605608 19.578414 -5.533532 -25.436981 -5.384052 18.831293 -18.908910 5.010420 12.087994 -0.493626 -23.902211 0.884676 -19.500900 -11.425697 28.978018 4.561624 -24.046891 -14.629037 -14.814354 15.118306 4.013945 3.645790
 -14.585343 -10.963585 -18.274364 -9.221763 10.655997 9.602024 38.430246 -14.212048 -31.372264 -6.671841 32.896838 -2.564340 -27.898739 10.079001 3.394581 2.810615 4.561624 15.952841 0.621337 3.568274 -7.876960 -4.552962 -12.072746 -14.525545
 -23.826456 10.739294 14.581970 28.141655 -25.591576 -18.787456 9.392544 7.234420 -7.853881 9.930916 8.041253 15.132998 -9.616840 -3.105413 -4.513703 -4.979068 -24.046891 0.621337 7.284831 -21.323733 14.759516 12.870816 7.262923 2.851438
 11.516266 -5.672105 -0.748128 25.175473 10.480516 -0.512475 15.896257 -10.813240 23.412372 8.627342 -12.405955 -1.125932 19.248493 17.473227 -1.245473 15.180738 -14.629037 3.568274 -21.323733 7.218939 13.234302 -16.715420 17.387392 -22.484152
 22.013456 6.776187 8.411863 18.591137 2.334650 -17.740991 -18.043085 5.807092 5.781735 -5.825609 -28.861989 16.916121 -28.444751 -10.618521 -7.858036 24.648716 -14.814354 -7.876960 14.759516 13.234302 -6.599006 -7.349698 39.445156 -5.466289
 11.180714 23.677368 -7.650436 -25.550445 5.707086 5.007992 -0.600674 -11.544237 -7.340730 -10.831744 -4.111600 26.631833 -21.386920 6.655668 15.208508 -7.735195 15.118306 -4.552962 12.870816 -16.715420 -7.349698 -2.463089 2.036347 -6.595870
 -5.150592 32.007781 23.488156 -7.308544 31.189144 6.096911 1.717478 10.630455 -26.135691 15.149268 4.627451 -4.620545 19.881219 -2.747603 10.083654 1.754881 4.013945 -12.072746 7.262923 17.387392 39.445156 2.036347 7.593416 -6.665023
 3.473497 20.021535 8.195789 -32.566229 -3.687265 -33.088049 20.795151 -16.371316 8.864795 -21.999769 20.292340 14.092081 -1.861662 3.728928 3.600966 -5.452597 3.645790 -14.525545 2.851438 -22.484152 -5.466289 -6.595870 -6.665023 7.325644